0	2	1.36	0.30053	0.11567	0.8	0.01136	0.12	0.18	0.02	0.092536	0.00041	5.90
2	5	1.36	0.30053	0.11567	0.2	0.04545	0.12	0.18	0.02	0.069402	0.00041	5.90
5	10	1.36	0.30053	0.11567	0.0	0.28409	0.12	0.18	0.02	0.046268	0.00041	5.90
10	20	1.36	0.30053	0.11567	0.0	0.34091	0.12	0.18	0.01	0.011567	0.00041	5.30
20	30	1.33	0.31442	0.12982	0.0	0.11364	0.07	0.22	0.00	0.000000	0.00031	5.30
30	45	1.33	0.31442	0.12982	0.0	0.05682	0.07	0.22	0.00	0.000000	0.00031	5.30
45	60	1.33	0.31442	0.12982	0.0	0.04545	0.07	0.22	0.00	0.000000	0.00031	5.30
60	75	1.33	0.31442	0.12982	0.0	0.03409	0.07	0.22	0.00	0.000000	0.00031	5.30
75	90	1.46	0.22009	0.12607	0.0	0.02273	0.66	0.19	0.00	0.000000	0.00022	5.30
90	105	1.46	0.22009	0.12607	0.0	0.01136	0.66	0.19	0.00	0.000000	0.00022	5.30
105	120	1.46	0.22009	0.12607	0.0	0.01136	0.66	0.19	0.00	0.000000	0.00022	5.30
120	150	1.46	0.22009	0.12607	0.0	0.01136	0.66	0.19	0.00	0.000000	0.00022	5.30
150	180	1.46	0.22009	0.12607	0.0	0.01136	0.66	0.19	0.00	0.000000	0.00022	5.30
