0	2	1.28	0.34602	0.16919	0.8	0.01124	0.07	0.31	0.02	0.135352	0.00016	7.90
2	5	1.28	0.34602	0.16919	0.2	0.04494	0.07	0.31	0.02	0.101514	0.00016	7.90
5	10	1.28	0.34602	0.16919	0.0	0.28090	0.07	0.31	0.02	0.067676	0.00016	7.90
10	20	1.28	0.34602	0.16919	0.0	0.33708	0.07	0.31	0.02	0.016919	0.00016	7.90
20	30	1.40	0.29030	0.10494	0.0	0.11236	0.14	0.15	0.02	0.000000	0.00056	7.90
30	45	1.40	0.29030	0.10494	0.0	0.05618	0.14	0.15	0.02	0.000000	0.00056	7.90
45	60	1.40	0.29030	0.10494	0.0	0.04494	0.14	0.15	0.02	0.000000	0.00056	7.90
60	75	1.40	0.29030	0.10494	0.0	0.03371	0.14	0.15	0.02	0.000000	0.00056	7.90
75	90	1.40	0.29030	0.10494	0.0	0.02247	0.14	0.15	0.02	0.000000	0.00056	7.90
90	105	1.40	0.29030	0.10494	0.0	0.01124	0.14	0.15	0.02	0.000000	0.00056	7.90
105	120	1.40	0.29030	0.10494	0.0	0.01124	0.14	0.15	0.02	0.000000	0.00056	7.90
120	150	1.40	0.29030	0.10494	0.0	0.01124	0.14	0.15	0.02	0.000000	0.00056	7.90
150	180	1.40	0.29030	0.10494	0.0	0.01124	0.14	0.15	0.02	0.000000	0.00056	7.90
180	210	1.40	0.29030	0.10494	0.0	0.01124	0.14	0.15	0.02	0.000000	0.00056	7.90
