0	2	1.21	0.45199	0.31359	0.8	0.01124	0.17	0.55	0.03	0.250872	0.00005	7.90
2	5	1.21	0.45199	0.31359	0.2	0.04494	0.17	0.55	0.03	0.188154	0.00005	7.90
5	10	1.21	0.45199	0.31359	0.0	0.28090	0.17	0.55	0.03	0.125436	0.00005	7.90
10	20	1.21	0.45199	0.31359	0.0	0.33708	0.17	0.55	0.03	0.031359	0.00005	7.90
20	30	1.21	0.45199	0.31359	0.0	0.11236	0.17	0.55	0.02	0.000000	0.00005	7.90
30	45	1.21	0.45199	0.31359	0.0	0.05618	0.17	0.55	0.02	0.000000	0.00005	7.90
45	60	1.21	0.45199	0.31359	0.0	0.04494	0.17	0.55	0.02	0.000000	0.00005	7.90
60	75	1.21	0.45199	0.31359	0.0	0.03371	0.17	0.55	0.02	0.000000	0.00005	7.90
75	90	1.21	0.45199	0.31359	0.0	0.02247	0.17	0.55	0.02	0.000000	0.00005	7.90
90	105	1.21	0.45199	0.31359	0.0	0.01124	0.17	0.55	0.02	0.000000	0.00005	7.90
105	120	1.21	0.44277	0.30719	0.0	0.01124	0.17	0.55	0.01	0.000000	0.00005	7.90
120	150	1.21	0.44277	0.30719	0.0	0.01124	0.17	0.55	0.01	0.000000	0.00005	7.90
150	180	1.21	0.44277	0.30719	0.0	0.01124	0.17	0.55	0.01	0.000000	0.00005	7.90
180	210	1.21	0.44277	0.30719	0.0	0.01124	0.17	0.55	0.01	0.000000	0.00005	7.90
