0	2	1.54	0.19147	0.09282	0.8	0.01136	0.68	0.12	0.01	0.074256	0.00060	6.50
2	5	1.54	0.19147	0.09282	0.2	0.04545	0.68	0.12	0.01	0.055692	0.00060	6.50
5	10	1.54	0.19147	0.09282	0.0	0.28409	0.68	0.12	0.01	0.037128	0.00060	6.50
10	20	1.54	0.19147	0.09282	0.0	0.34091	0.68	0.12	0.01	0.009282	0.00060	6.50
20	30	1.32	0.31494	0.22152	0.0	0.11364	0.50	0.42	0.00	0.000000	0.00004	6.50
30	45	1.32	0.31494	0.22152	0.0	0.05682	0.50	0.42	0.00	0.000000	0.00004	6.50
45	60	1.32	0.31494	0.22152	0.0	0.04545	0.50	0.42	0.00	0.000000	0.00004	6.50
60	75	1.32	0.31494	0.22152	0.0	0.03409	0.50	0.42	0.00	0.000000	0.00004	6.50
75	90	1.32	0.31494	0.22152	0.0	0.02273	0.50	0.42	0.00	0.000000	0.00004	6.50
90	105	1.38	0.25768	0.16339	0.0	0.01136	0.56	0.30	0.00	0.000000	0.00008	7.00
105	120	1.38	0.25197	0.16198	0.0	0.01136	0.58	0.30	0.00	0.000000	0.00007	7.00
120	150	1.38	0.25197	0.16198	0.0	0.01136	0.58	0.30	0.00	0.000000	0.00007	7.00
150	180	1.38	0.25197	0.16198	0.0	0.01136	0.58	0.30	0.00	0.000000	0.00007	7.00
