0	2	1.57	0.18911	0.08283	0.8	0.01124	0.64	0.09	0.01	0.066264	0.00085	5.30
2	5	1.57	0.18911	0.08283	0.2	0.04494	0.64	0.09	0.01	0.049698	0.00085	5.30
5	10	1.57	0.18911	0.08283	0.0	0.28090	0.64	0.09	0.01	0.033132	0.00085	5.30
10	20	1.57	0.18911	0.08283	0.0	0.33708	0.64	0.09	0.01	0.008283	0.00085	5.30
20	30	1.40	0.24040	0.14541	0.0	0.11236	0.56	0.26	0.01	0.000000	0.00010	5.00
30	45	1.40	0.24040	0.14541	0.0	0.05618	0.56	0.26	0.01	0.000000	0.00010	5.00
45	60	1.40	0.24040	0.14541	0.0	0.04494	0.56	0.26	0.01	0.000000	0.00010	5.00
60	75	1.40	0.24040	0.14541	0.0	0.03371	0.56	0.26	0.01	0.000000	0.00010	5.00
75	90	1.40	0.22231	0.13447	0.0	0.02247	0.56	0.26	0.01	0.000000	0.00010	5.00
90	105	1.40	0.22231	0.13447	0.0	0.01124	0.56	0.26	0.01	0.000000	0.00010	5.00
105	120	1.40	0.22231	0.13447	0.0	0.01124	0.56	0.26	0.01	0.000000	0.00010	5.00
120	150	1.40	0.22231	0.13447	0.0	0.01124	0.56	0.26	0.01	0.000000	0.00010	5.00
150	180	1.36	0.26921	0.17401	0.0	0.01124	0.54	0.32	0.01	0.000000	0.00006	5.00
180	210	1.36	0.26921	0.17401	0.0	0.01124	0.54	0.32	0.01	0.000000	0.00006	5.00
