0	2	1.38	0.28497	0.12267	0.8	0.01136	0.26	0.20	0.02	0.098136	0.00029	5.60
2	5	1.38	0.28497	0.12267	0.2	0.04545	0.26	0.20	0.02	0.073602	0.00029	5.60
5	10	1.38	0.28497	0.12267	0.0	0.28409	0.26	0.20	0.02	0.049068	0.00029	5.60
10	20	1.38	0.28497	0.12267	0.0	0.34091	0.26	0.20	0.02	0.012267	0.00029	5.60
20	30	1.38	0.28497	0.12267	0.0	0.11364	0.26	0.20	0.02	0.000000	0.00029	5.60
30	45	1.38	0.28497	0.12267	0.0	0.05682	0.26	0.20	0.01	0.000000	0.00029	5.60
45	60	1.25	0.41018	0.26928	0.0	0.04545	0.23	0.48	0.00	0.000000	0.00005	7.30
60	75	1.25	0.41018	0.26928	0.0	0.03409	0.23	0.48	0.00	0.000000	0.00005	7.30
75	90	1.25	0.41018	0.26928	0.0	0.02273	0.23	0.48	0.00	0.000000	0.00005	7.30
90	105	1.21	0.43798	0.27527	0.0	0.01136	0.06	0.48	0.00	0.000000	0.00008	7.30
105	120	1.21	0.43798	0.27527	0.0	0.01136	0.06	0.48	0.00	0.000000	0.00008	7.30
120	150	1.21	0.43798	0.27527	0.0	0.01136	0.06	0.48	0.00	0.000000	0.00008	7.30
150	180	1.21	0.43798	0.27527	0.0	0.01136	0.06	0.48	0.00	0.000000	0.00008	7.30
