0	2	1.30	0.33501	0.17188	0.8	0.01136	0.20	0.31	0.02	0.137504	0.00012	7.00
2	5	1.30	0.33501	0.17188	0.2	0.04545	0.20	0.31	0.02	0.103128	0.00012	7.00
5	10	1.30	0.33501	0.17188	0.0	0.28409	0.20	0.31	0.02	0.068752	0.00012	7.00
10	20	1.30	0.33501	0.17188	0.0	0.34091	0.20	0.31	0.02	0.017188	0.00012	7.00
20	30	1.30	0.33501	0.17188	0.0	0.11364	0.20	0.31	0.02	0.000000	0.00012	7.00
30	45	1.23	0.40893	0.24164	0.0	0.05682	0.08	0.42	0.01	0.000000	0.00009	7.30
45	60	1.23	0.40893	0.24164	0.0	0.04545	0.08	0.42	0.01	0.000000	0.00009	7.30
60	75	1.23	0.40893	0.24164	0.0	0.03409	0.08	0.42	0.01	0.000000	0.00009	7.30
75	90	1.23	0.40893	0.24164	0.0	0.02273	0.08	0.42	0.01	0.000000	0.00009	7.30
90	105	1.23	0.40893	0.24164	0.0	0.01136	0.08	0.42	0.01	0.000000	0.00009	7.30
105	120	1.23	0.40893	0.24164	0.0	0.01136	0.08	0.42	0.01	0.000000	0.00009	7.30
120	150	1.30	0.33553	0.17644	0.0	0.01136	0.20	0.32	0.01	0.000000	0.00011	7.50
150	180	1.30	0.33553	0.17644	0.0	0.01136	0.20	0.32	0.01	0.000000	0.00011	7.50
