0	2	1.39	0.30021	0.10362	0.8	0.01136	0.03	0.14	0.02	0.082896	0.00072	5.00
2	5	1.39	0.30021	0.10362	0.2	0.04545	0.03	0.14	0.02	0.062172	0.00072	5.00
5	10	1.39	0.30021	0.10362	0.0	0.28409	0.03	0.14	0.02	0.041448	0.00072	5.00
10	20	1.39	0.30021	0.10362	0.0	0.34091	0.03	0.14	0.02	0.010362	0.00072	5.00
20	30	1.39	0.30021	0.10362	0.0	0.11364	0.03	0.14	0.02	0.000000	0.00072	5.00
30	45	1.39	0.30021	0.10362	0.0	0.05682	0.03	0.14	0.02	0.000000	0.00072	5.00
45	60	1.39	0.30021	0.10362	0.0	0.04545	0.03	0.14	0.02	0.000000	0.00072	5.00
60	75	1.39	0.30021	0.10362	0.0	0.03409	0.03	0.14	0.02	0.000000	0.00072	5.00
75	90	1.39	0.30021	0.10362	0.0	0.02273	0.03	0.14	0.02	0.000000	0.00072	5.00
90	105	1.39	0.30021	0.10362	0.0	0.01136	0.03	0.14	0.02	0.000000	0.00072	5.00
105	120	1.39	0.30021	0.10362	0.0	0.01136	0.03	0.14	0.02	0.000000	0.00072	5.00
120	150	1.39	0.30021	0.10362	0.0	0.01136	0.03	0.14	0.02	0.000000	0.00072	5.00
150	180	1.39	0.30021	0.10362	0.0	0.01136	0.03	0.14	0.02	0.000000	0.00072	5.00
