0	2	1.44	0.29187	0.09906	0.8	0.01136	0.15	0.12	0.01	0.079248	0.00078	5.00
2	5	1.44	0.29187	0.09906	0.2	0.04545	0.15	0.12	0.01	0.059436	0.00078	5.00
5	10	1.44	0.29187	0.09906	0.0	0.28409	0.15	0.12	0.01	0.039624	0.00078	5.00
10	20	1.44	0.29187	0.09906	0.0	0.34091	0.15	0.12	0.01	0.009906	0.00078	5.00
20	30	1.38	0.29937	0.10828	0.0	0.11364	0.08	0.16	0.00	0.000000	0.00055	5.00
30	45	1.38	0.29937	0.10828	0.0	0.05682	0.08	0.16	0.00	0.000000	0.00055	5.00
45	60	1.38	0.29937	0.10828	0.0	0.04545	0.08	0.16	0.00	0.000000	0.00055	5.00
60	75	1.38	0.29937	0.10828	0.0	0.03409	0.08	0.16	0.00	0.000000	0.00055	5.00
75	90	1.38	0.29937	0.10828	0.0	0.02273	0.08	0.16	0.00	0.000000	0.00055	5.00
90	105	1.38	0.29937	0.10828	0.0	0.01136	0.08	0.16	0.00	0.000000	0.00055	5.00
105	120	1.38	0.29937	0.10828	0.0	0.01136	0.08	0.16	0.00	0.000000	0.00055	5.00
120	150	1.38	0.29937	0.10828	0.0	0.01136	0.08	0.16	0.00	0.000000	0.00055	5.00
150	180	1.38	0.29937	0.10828	0.0	0.01136	0.08	0.16	0.00	0.000000	0.00055	5.00
