0	2	1.53	0.19638	0.09224	0.8	0.01136	0.63	0.12	0.01	0.073792	0.00060	8.50
2	5	1.53	0.19638	0.09224	0.2	0.04545	0.63	0.12	0.01	0.055344	0.00060	8.50
5	10	1.53	0.19638	0.09224	0.0	0.28409	0.63	0.12	0.01	0.036896	0.00060	8.50
10	20	1.53	0.19638	0.09224	0.0	0.34091	0.63	0.12	0.01	0.009224	0.00060	8.50
20	30	1.53	0.19638	0.09224	0.0	0.11364	0.63	0.12	0.01	0.000000	0.00060	8.50
30	45	1.53	0.19638	0.09224	0.0	0.05682	0.63	0.12	0.01	0.000000	0.00060	8.50
45	60	1.53	0.19638	0.09224	0.0	0.04545	0.63	0.12	0.01	0.000000	0.00060	8.50
60	75	1.53	0.19638	0.09224	0.0	0.03409	0.63	0.12	0.01	0.000000	0.00060	8.50
75	90	1.53	0.19638	0.09224	0.0	0.02273	0.63	0.12	0.01	0.000000	0.00060	8.50
90	105	1.53	0.19638	0.09224	0.0	0.01136	0.63	0.12	0.01	0.000000	0.00060	8.50
105	120	1.53	0.19638	0.09224	0.0	0.01136	0.63	0.12	0.01	0.000000	0.00060	8.50
120	150	1.53	0.19638	0.09224	0.0	0.01136	0.63	0.12	0.01	0.000000	0.00060	8.50
150	180	1.53	0.19638	0.09224	0.0	0.01136	0.63	0.12	0.01	0.000000	0.00060	8.50
