0	2	1.63	0.15523	0.07343	0.8	0.01136	0.84	0.08	0.02	0.058744	0.00126	6.50
2	5	1.63	0.15523	0.07343	0.2	0.04545	0.84	0.08	0.02	0.044058	0.00126	6.50
5	10	1.63	0.15523	0.07343	0.0	0.28409	0.84	0.08	0.02	0.029372	0.00126	6.50
10	20	1.63	0.15523	0.07343	0.0	0.34091	0.84	0.08	0.02	0.007343	0.00126	6.50
20	30	1.63	0.15523	0.07343	0.0	0.11364	0.84	0.08	0.02	0.000000	0.00126	6.50
30	45	1.63	0.15523	0.07343	0.0	0.05682	0.84	0.08	0.02	0.000000	0.00126	6.50
45	60	1.67	0.14304	0.06392	0.0	0.04545	0.85	0.06	0.01	0.000000	0.00167	6.50
60	75	1.73	0.12092	0.05186	0.0	0.03409	0.92	0.04	0.00	0.000000	0.00250	6.50
75	90	1.73	0.09069	0.03889	0.0	0.02273	0.92	0.04	0.00	0.000000	0.00250	6.50
90	105	1.73	0.09069	0.03889	0.0	0.01136	0.92	0.04	0.00	0.000000	0.00250	6.50
105	120	1.73	0.09069	0.03889	0.0	0.01136	0.92	0.04	0.00	0.000000	0.00250	6.50
120	150	1.73	0.09069	0.03889	0.0	0.01136	0.92	0.04	0.00	0.000000	0.00250	6.50
150	180	1.73	0.09069	0.03889	0.0	0.01136	0.92	0.04	0.00	0.000000	0.00250	6.50
