0	2	1.32	0.31631	0.13413	0.8	0.01136	0.09	0.24	0.01	0.107304	0.00027	7.90
2	5	1.32	0.31631	0.13413	0.2	0.04545	0.09	0.24	0.01	0.080478	0.00027	7.90
5	10	1.32	0.31631	0.13413	0.0	0.28409	0.09	0.24	0.01	0.053652	0.00027	7.90
10	20	1.32	0.31631	0.13413	0.0	0.34091	0.09	0.24	0.01	0.013413	0.00027	7.90
20	30	1.34	0.30082	0.12183	0.0	0.11364	0.11	0.21	0.00	0.000000	0.00033	7.90
30	45	1.34	0.30082	0.12183	0.0	0.05682	0.11	0.21	0.00	0.000000	0.00033	7.90
45	60	1.34	0.30082	0.12183	0.0	0.04545	0.11	0.21	0.00	0.000000	0.00033	7.90
60	75	1.34	0.30082	0.12183	0.0	0.03409	0.11	0.21	0.00	0.000000	0.00033	7.90
75	90	1.34	0.30082	0.12183	0.0	0.02273	0.11	0.21	0.00	0.000000	0.00033	7.90
90	105	1.34	0.30082	0.12183	0.0	0.01136	0.11	0.21	0.00	0.000000	0.00033	7.90
105	120	1.34	0.30082	0.12183	0.0	0.01136	0.11	0.21	0.00	0.000000	0.00033	7.90
120	150	1.34	0.30082	0.12183	0.0	0.01136	0.11	0.21	0.00	0.000000	0.00033	7.90
150	180	1.34	0.30082	0.12183	0.0	0.01136	0.11	0.21	0.00	0.000000	0.00033	7.90
