0	2	1.38	0.28497	0.12267	0.8	0.01136	0.26	0.20	0.03	0.098136	0.00029	6.10
2	5	1.38	0.28497	0.12267	0.2	0.04545	0.26	0.20	0.03	0.073602	0.00029	6.10
5	10	1.38	0.28497	0.12267	0.0	0.28409	0.26	0.20	0.03	0.049068	0.00029	6.10
10	20	1.38	0.28497	0.12267	0.0	0.34091	0.26	0.20	0.03	0.012267	0.00029	6.10
20	30	1.26	0.37401	0.20018	0.0	0.11364	0.08	0.36	0.03	0.000000	0.00012	6.10
30	45	1.26	0.37401	0.20018	0.0	0.05682	0.08	0.36	0.03	0.000000	0.00012	6.10
45	60	1.26	0.37401	0.20018	0.0	0.04545	0.08	0.36	0.03	0.000000	0.00012	6.10
60	75	1.26	0.37401	0.20018	0.0	0.03409	0.08	0.36	0.03	0.000000	0.00012	6.10
75	90	1.38	0.28497	0.12267	0.0	0.02273	0.26	0.20	0.00	0.000000	0.00029	7.50
90	105	1.38	0.28497	0.12267	0.0	0.01136	0.26	0.20	0.00	0.000000	0.00029	7.50
105	120	1.38	0.28497	0.12267	0.0	0.01136	0.26	0.20	0.00	0.000000	0.00029	7.50
120	150	1.38	0.28497	0.12267	0.0	0.01136	0.26	0.20	0.00	0.000000	0.00029	7.50
150	180	1.38	0.28497	0.12267	0.0	0.01136	0.26	0.20	0.00	0.000000	0.00029	7.50
