0	2	1.28	0.35801	0.19419	0.8	0.01136	0.17	0.35	0.03	0.155352	0.00010	6.10
2	5	1.28	0.35801	0.19419	0.2	0.04545	0.17	0.35	0.03	0.116514	0.00010	6.10
5	10	1.28	0.35801	0.19419	0.0	0.28409	0.17	0.35	0.03	0.077676	0.00010	6.10
10	20	1.28	0.35801	0.19419	0.0	0.34091	0.17	0.35	0.03	0.019419	0.00010	6.10
20	30	1.28	0.35801	0.19419	0.0	0.11364	0.17	0.35	0.03	0.000000	0.00010	6.10
30	45	1.23	0.42301	0.25826	0.0	0.05682	0.07	0.45	0.01	0.000000	0.00008	6.50
45	60	1.23	0.42301	0.25826	0.0	0.04545	0.07	0.45	0.01	0.000000	0.00008	6.50
60	75	1.23	0.42301	0.25826	0.0	0.03409	0.07	0.45	0.01	0.000000	0.00008	6.50
75	90	1.23	0.42301	0.25826	0.0	0.02273	0.07	0.45	0.01	0.000000	0.00008	6.50
90	105	1.23	0.42301	0.25826	0.0	0.01136	0.07	0.45	0.01	0.000000	0.00008	6.50
105	120	1.29	0.34862	0.18559	0.0	0.01136	0.19	0.34	0.00	0.000000	0.00011	7.00
120	150	1.29	0.34862	0.18559	0.0	0.01136	0.19	0.34	0.00	0.000000	0.00011	7.00
150	180	1.29	0.34862	0.18559	0.0	0.01136	0.19	0.34	0.00	0.000000	0.00011	7.00
