0	2	1.39	0.26135	0.13184	0.8	0.01136	0.40	0.23	0.04	0.105472	0.00018	7.50
2	5	1.39	0.26135	0.13184	0.2	0.04545	0.40	0.23	0.04	0.079104	0.00018	7.50
5	10	1.39	0.26135	0.13184	0.0	0.28409	0.40	0.23	0.04	0.052736	0.00018	7.50
10	20	1.39	0.26135	0.13184	0.0	0.34091	0.40	0.23	0.04	0.013184	0.00018	7.50
20	30	1.36	0.26783	0.14121	0.0	0.11364	0.38	0.26	0.02	0.000000	0.00014	7.90
30	45	1.36	0.26783	0.14121	0.0	0.05682	0.38	0.26	0.02	0.000000	0.00014	7.90
45	60	1.36	0.26783	0.14121	0.0	0.04545	0.38	0.26	0.02	0.000000	0.00014	7.90
60	75	1.36	0.26783	0.14121	0.0	0.03409	0.38	0.26	0.02	0.000000	0.00014	7.90
75	90	1.36	0.26783	0.14121	0.0	0.02273	0.38	0.26	0.02	0.000000	0.00014	7.90
90	105	1.36	0.26783	0.14121	0.0	0.01136	0.38	0.26	0.00	0.000000	0.00014	7.90
105	120	1.36	0.26783	0.14121	0.0	0.01136	0.38	0.26	0.00	0.000000	0.00014	7.90
120	150	1.36	0.26783	0.14121	0.0	0.01136	0.38	0.26	0.00	0.000000	0.00014	7.90
150	180	1.36	0.26783	0.14121	0.0	0.01136	0.38	0.26	0.00	0.000000	0.00014	7.90
