0	2	1.40	0.25047	0.12549	0.8	0.01136	0.41	0.22	0.02	0.100392	0.00019	7.20
2	5	1.40	0.25047	0.12549	0.2	0.04545	0.41	0.22	0.02	0.075294	0.00019	7.20
5	10	1.40	0.25047	0.12549	0.0	0.28409	0.41	0.22	0.02	0.050196	0.00019	7.20
10	20	1.34	0.28646	0.15669	0.0	0.34091	0.34	0.30	0.01	0.015669	0.00011	7.90
20	30	1.34	0.28646	0.15669	0.0	0.11364	0.34	0.30	0.01	0.000000	0.00011	7.90
30	45	1.34	0.28646	0.15669	0.0	0.05682	0.34	0.30	0.01	0.000000	0.00011	7.90
45	60	1.33	0.29196	0.16627	0.0	0.04545	0.35	0.32	0.00	0.000000	0.00009	7.90
60	75	1.33	0.29196	0.16627	0.0	0.03409	0.35	0.32	0.00	0.000000	0.00009	7.90
75	90	1.33	0.29196	0.16627	0.0	0.02273	0.35	0.32	0.00	0.000000	0.00009	7.90
90	105	1.33	0.29196	0.16627	0.0	0.01136	0.35	0.32	0.00	0.000000	0.00009	7.90
105	120	1.33	0.29196	0.16627	0.0	0.01136	0.35	0.32	0.00	0.000000	0.00009	7.90
120	150	1.33	0.29196	0.16627	0.0	0.01136	0.35	0.32	0.00	0.000000	0.00009	7.90
150	180	1.33	0.29196	0.16627	0.0	0.01136	0.35	0.32	0.00	0.000000	0.00009	7.90
