0	2	1.41	0.24491	0.11993	0.8	0.01136	0.42	0.20	0.03	0.095944	0.00022	6.70
2	5	1.41	0.24491	0.11993	0.2	0.04545	0.42	0.20	0.03	0.071958	0.00022	6.70
5	10	1.41	0.24491	0.11993	0.0	0.28409	0.42	0.20	0.03	0.047972	0.00022	6.70
10	20	1.41	0.24491	0.11993	0.0	0.34091	0.42	0.20	0.03	0.011993	0.00022	6.70
20	30	1.33	0.29018	0.16336	0.0	0.11364	0.35	0.31	0.02	0.000000	0.00009	7.20
30	45	1.33	0.29018	0.16336	0.0	0.05682	0.35	0.31	0.02	0.000000	0.00009	7.20
45	60	1.34	0.28338	0.15500	0.0	0.04545	0.34	0.30	0.01	0.000000	0.00011	7.90
60	75	1.34	0.28338	0.15500	0.0	0.03409	0.34	0.30	0.01	0.000000	0.00011	7.90
75	90	1.34	0.28338	0.15500	0.0	0.02273	0.34	0.30	0.01	0.000000	0.00011	7.90
90	105	1.34	0.28338	0.15500	0.0	0.01136	0.34	0.30	0.01	0.000000	0.00011	7.90
105	120	1.35	0.27240	0.14399	0.0	0.01136	0.35	0.28	0.00	0.000000	0.00013	7.90
120	150	1.35	0.27240	0.14399	0.0	0.01136	0.35	0.28	0.00	0.000000	0.00013	7.90
150	180	1.35	0.27240	0.14399	0.0	0.01136	0.35	0.28	0.00	0.000000	0.00013	7.90
