0	2	1.39	0.26135	0.13184	0.8	0.01136	0.40	0.23	0.03	0.105472	0.00018	6.70
2	5	1.39	0.26135	0.13184	0.2	0.04545	0.40	0.23	0.03	0.079104	0.00018	6.70
5	10	1.39	0.26135	0.13184	0.0	0.28409	0.40	0.23	0.03	0.052736	0.00018	6.70
10	20	1.34	0.29359	0.15937	0.0	0.34091	0.34	0.30	0.02	0.015937	0.00011	7.20
20	30	1.34	0.29359	0.15937	0.0	0.11364	0.34	0.30	0.02	0.000000	0.00011	7.20
30	45	1.35	0.27051	0.14184	0.0	0.05682	0.35	0.27	0.00	0.000000	0.00013	7.90
45	60	1.35	0.27051	0.14184	0.0	0.04545	0.35	0.27	0.00	0.000000	0.00013	7.90
60	75	1.35	0.27051	0.14184	0.0	0.03409	0.35	0.27	0.00	0.000000	0.00013	7.90
75	90	1.35	0.27051	0.14184	0.0	0.02273	0.35	0.27	0.00	0.000000	0.00013	7.90
90	105	1.35	0.27051	0.14184	0.0	0.01136	0.35	0.27	0.00	0.000000	0.00013	7.90
105	120	1.35	0.27051	0.14184	0.0	0.01136	0.35	0.27	0.00	0.000000	0.00013	7.90
120	150	1.35	0.27051	0.14184	0.0	0.01136	0.35	0.27	0.00	0.000000	0.00013	7.90
150	180	1.35	0.27051	0.14184	0.0	0.01136	0.35	0.27	0.00	0.000000	0.00013	7.90
