0	2	1.37	0.27812	0.12320	0.8	0.01136	0.26	0.22	0.03	0.09856	0.00025	6.50
2	5	1.37	0.27812	0.12320	0.2	0.04545	0.26	0.22	0.03	0.07392	0.00025	6.50
5	10	1.37	0.27812	0.12320	0.0	0.28409	0.26	0.22	0.03	0.04928	0.00025	6.50
10	20	1.37	0.27812	0.12320	0.0	0.34091	0.26	0.22	0.03	0.01232	0.00025	6.50
20	30	1.27	0.36005	0.22782	0.0	0.11364	0.28	0.42	0.02	0.000000	0.00006	7.30
30	45	1.27	0.36005	0.22782	0.0	0.05682	0.28	0.42	0.02	0.000000	0.00006	7.30
45	60	1.27	0.36005	0.22782	0.0	0.04545	0.28	0.42	0.02	0.000000	0.00006	7.30
60	75	1.29	0.33964	0.20799	0.0	0.03409	0.30	0.39	0.01	0.000000	0.00006	8.20
75	90	1.29	0.33964	0.20799	0.0	0.02273	0.30	0.39	0.01	0.000000	0.00006	8.20
90	105	1.29	0.33964	0.20799	0.0	0.01136	0.30	0.39	0.01	0.000000	0.00006	8.20
105	120	1.29	0.33964	0.20799	0.0	0.01136	0.30	0.39	0.01	0.000000	0.00006	8.20
120	150	1.29	0.33964	0.20799	0.0	0.01136	0.30	0.39	0.01	0.000000	0.00006	8.20
150	180	1.29	0.33964	0.20799	0.0	0.01136	0.30	0.39	0.01	0.000000	0.00006	8.20
