0	2	1.38	0.26236	0.13447	0.8	0.01136	0.39	0.24	0.03	0.107576	0.00016	6.70
2	5	1.38	0.26236	0.13447	0.2	0.04545	0.39	0.24	0.03	0.080682	0.00016	6.70
5	10	1.38	0.26236	0.13447	0.0	0.28409	0.39	0.24	0.03	0.053788	0.00016	6.70
10	20	1.38	0.26236	0.13447	0.0	0.34091	0.39	0.24	0.03	0.013447	0.00016	6.70
20	30	1.33	0.29327	0.16509	0.0	0.11364	0.35	0.31	0.01	0.000000	0.00009	7.50
30	45	1.33	0.29327	0.16509	0.0	0.05682	0.35	0.31	0.01	0.000000	0.00009	7.50
45	60	1.33	0.29327	0.16509	0.0	0.04545	0.35	0.31	0.01	0.000000	0.00009	7.50
60	75	1.42	0.22807	0.14045	0.0	0.03409	0.62	0.25	0.00	0.000000	0.00011	7.90
75	90	1.42	0.22807	0.14045	0.0	0.02273	0.62	0.25	0.00	0.000000	0.00011	7.90
90	105	1.42	0.22807	0.14045	0.0	0.01136	0.62	0.25	0.00	0.000000	0.00011	7.90
105	120	1.42	0.22807	0.14045	0.0	0.01136	0.62	0.25	0.00	0.000000	0.00011	7.90
120	150	1.42	0.22807	0.14045	0.0	0.01136	0.62	0.25	0.00	0.000000	0.00011	7.90
150	180	1.42	0.22807	0.14045	0.0	0.01136	0.62	0.25	0.00	0.000000	0.00011	7.90
