0	2	1.39	0.25125	0.12582	0.8	0.01136	0.40	0.22	0.06	0.100656	0.00019	7.20
2	5	1.39	0.25125	0.12582	0.2	0.04545	0.40	0.22	0.06	0.075492	0.00019	7.20
5	10	1.39	0.25125	0.12582	0.0	0.28409	0.40	0.22	0.06	0.050328	0.00019	7.20
10	20	1.39	0.25125	0.12582	0.0	0.34091	0.40	0.22	0.06	0.012582	0.00019	7.20
20	30	1.33	0.29408	0.16866	0.0	0.11364	0.35	0.32	0.02	0.000000	0.00009	7.20
30	45	1.33	0.29408	0.16866	0.0	0.05682	0.35	0.32	0.02	0.000000	0.00009	7.20
45	60	1.35	0.27762	0.14772	0.0	0.04545	0.34	0.28	0.00	0.000000	0.00012	7.90
60	75	1.35	0.27762	0.14772	0.0	0.03409	0.34	0.28	0.00	0.000000	0.00012	7.90
75	90	1.35	0.27762	0.14772	0.0	0.02273	0.34	0.28	0.00	0.000000	0.00012	7.90
90	105	1.35	0.27762	0.14772	0.0	0.01136	0.34	0.28	0.00	0.000000	0.00012	7.90
105	120	1.35	0.27762	0.14772	0.0	0.01136	0.34	0.28	0.00	0.000000	0.00012	7.90
120	150	1.35	0.27762	0.14772	0.0	0.01136	0.34	0.28	0.00	0.000000	0.00012	7.90
150	180	1.35	0.27762	0.14772	0.0	0.01136	0.34	0.28	0.00	0.000000	0.00012	7.90
