0	2	1.28	0.34939	0.17091	0.8	0.01136	0.07	0.31	0.04	0.136728	0.00016	6.50
2	5	1.28	0.34939	0.17091	0.2	0.04545	0.07	0.31	0.04	0.102546	0.00016	6.50
5	10	1.28	0.34939	0.17091	0.0	0.28409	0.07	0.31	0.04	0.068364	0.00016	6.50
10	20	1.28	0.34939	0.17091	0.0	0.34091	0.07	0.31	0.04	0.017091	0.00016	6.50
20	30	1.28	0.34467	0.16544	0.0	0.11364	0.07	0.30	0.02	0.000000	0.00017	6.70
30	45	1.28	0.34467	0.16544	0.0	0.05682	0.07	0.30	0.02	0.000000	0.00017	6.70
45	60	1.28	0.34467	0.16544	0.0	0.04545	0.07	0.30	0.02	0.000000	0.00017	6.70
60	75	1.28	0.34467	0.16544	0.0	0.03409	0.07	0.30	0.02	0.000000	0.00017	6.70
75	90	1.31	0.31551	0.13788	0.0	0.02273	0.09	0.25	0.00	0.000000	0.00024	7.90
90	105	1.31	0.31551	0.13788	0.0	0.01136	0.09	0.25	0.00	0.000000	0.00024	7.90
105	120	1.31	0.31551	0.13788	0.0	0.01136	0.09	0.25	0.00	0.000000	0.00024	7.90
120	150	1.31	0.31551	0.13788	0.0	0.01136	0.09	0.25	0.00	0.000000	0.00024	7.90
150	180	1.31	0.31551	0.13788	0.0	0.01136	0.09	0.25	0.00	0.000000	0.00024	7.90
